mu =

   0.054779   0.183102

sigma =

   0.49665   0.51974

X_norm =

  -0.0070711   0.9936806
  -0.2970297   0.9655513
  -0.5405957   0.9796159
  -0.8653491   0.6139351
  -1.1437120   0.5436119
  -1.1669072   0.0513686
  -0.9117396  -0.2861887
  -0.7261777  -0.7221870
  -0.0766609  -1.1300617
   0.1553015  -1.3410314
   0.6656369  -1.4394839
   0.9555974  -1.3550960
   1.1759521  -0.8206395
   1.3731318  -0.7081223
   0.9903903   0.5858059
   0.5380430   0.7686463
   0.2248872   0.6842584
  -0.2042427   1.2187149
  -0.4594124   0.9936806
  -1.0741263   0.8670988
  -1.3292739   0.7967755
  -1.3756845   0.2904483
  -1.3060786  -0.3424473
  -0.9581300  -0.8768981
  -0.3434161  -1.1159971
   0.2944931  -1.5098071
   0.8280035  -1.3832253
   1.2455580  -1.3832253
  -0.3898066   0.6983230
  -0.7029623   1.1483917
  -0.6449743   1.5000078
  -0.4362172   1.1905856
  -0.4594124   0.8952281
  -0.6797671   0.5576766
  -0.8421539   0.2482544
  -0.7145801  -0.3002534
  -0.5869862  -0.7643809
  -0.2390376  -0.7081223
   0.0161261  -0.6659284
   0.3524811  -1.1441264
   0.4800549  -0.7925102
   0.8627964  -0.7081223
   1.1875699  -0.6237345
   0.8164059  -0.3283827
   1.1527569  -0.0470840
   1.0483784   0.1638665
   1.3499365   0.5014180
   0.3408835   0.6561291
   0.7816131   0.9374220
   0.5380430   0.9796159
   0.1668991   0.7545816
  -0.1230541   0.4170301
  -0.2970297   0.7123877
  -0.5289981   0.3326422
  -0.5289981  -0.0189547
  -0.9929229   0.0654332
  -0.5521933  -0.3846412
  -0.3898066  -0.8768981
   0.2597002   1.4437493
   0.3408835   1.1483917
   0.4916525   0.8389695
   0.9092070   1.1061978
   1.1295617   1.0499392
   1.1063665   0.7967755
   1.4311198   0.6139351
   1.7558732   0.3467069
   1.5471161   0.1779311
   1.8254791  -0.1877381
   1.7790685  -0.3283827
   1.6282994  -0.5112211
   1.6978851  -0.7503163
   1.6051042  -1.0597385
   1.5587137  -1.3550960
   1.4891079  -1.4254193
   1.0831712  -1.7770354
   0.9324022  -1.4957425
   0.8280035  -1.1581910
   0.5960512  -1.4676132
   0.4684573  -1.8332940
   0.0625186  -1.8051647
   0.1900944  -1.4676132
  -0.3782089  -1.2144496
  -0.9349348  -1.1441264
  -0.9001419  -0.8487688
  -1.6076368  -0.8487688
  -1.5148559  -0.2721241
  -1.6308320   0.2060604
  -1.5148559   0.9655513
  -0.9233372   1.0077452
  -0.8769467   1.4156200
  -1.1321144   1.3874907
  -1.2132977   1.0077452
   0.0973134   1.1483917
   0.0045285   1.4156200
  -0.3202209   1.5562664
  -0.2738324   1.7812623
   0.4684573   1.7391261
   0.6888321   1.2327796
   1.1759521   1.3593614
   1.5471161   0.9233574
   1.2455580   0.8811634
   2.0459344  -0.1596011
  -0.2042427  -1.4676132
  -0.5869862  -1.5801304
  -0.4130219  -1.0597385
  -1.0973216  -0.9331567
  -1.0509311  -0.6096698
  -0.6913647  -0.4690291
  -1.3408916  -0.4830918
  -1.4452702  -0.7643809
  -1.3176763  -1.1581910
  -1.5728439  -0.5112211
  -1.7816212   0.2482544
  -1.5612463   0.6842584
  -1.3060786   0.5998705
  -1.0857239   1.5703311
  -0.1230541   1.5703311
   1.1635290  -0.4111909

