id,X0,X1,X2
0,0.19178358855359,0.389034431897221,0.419181979549189
1,0.238615852398028,0.395637011571868,0.365747136030104
2,0.318725189423348,0.596756995678883,0.084517814897769
3,0.377105900854754,0.304519961699591,0.318374137445656
4,0.526800353398033,0.26006499930016,0.213134647301808
5,0.255268044962201,0.687192634271893,0.0575393207659064
6,0.255513062455458,0.21185964333823,0.532627294206312
7,0.311124967798261,0.624614139631694,0.0642608925700446
8,0.351856297894775,0.254937659349157,0.393206042756068
9,0.526411480237836,0.376416425490403,0.0971720942717605
10,0.392818853963997,0.244584273741523,0.362596872294481
11,0.36980964396859,0.333414168907143,0.296776187124266
12,0.293223226134518,0.448154269936646,0.258622503928837
13,0.499960660534617,0.296066316032511,0.203973023432872
14,0.395043125234972,0.355278409458125,0.249678465306903
15,0.403671635500952,0.306712301149622,0.289616063349426
16,0.50088230414703,0.265154023372542,0.233963672480428
17,0.213745106949641,0.285415814866623,0.500839078183736
18,0.16651467978337,0.127450355243805,0.706034964972825
19,0.431830352569715,0.283096183599709,0.285073463830576
20,0.274689720856755,0.184285205512855,0.54102507363039
21,0.276815322527811,0.32982893128372,0.393355746188469
22,0.297223980018884,0.230674053704099,0.472101966277017
23,0.231355239780994,0.162779710017109,0.605865050201898
24,0.534164725143242,0.404084877819802,0.0617503970369552
25,0.577767164989539,0.223781755882047,0.198451079128413
26,0.591218763974024,0.260471749299756,0.14830948672622
27,0.216802374824418,0.299532660208533,0.48366496496705
28,0.253674470425472,0.191378689987972,0.554946839586555
29,0.28491946288112,0.280908527700643,0.434172009418237
30,0.254745683788668,0.689061005586097,0.0561933106252359
31,0.400475079060148,0.51733358300219,0.0821913379376614
32,0.416770438118318,0.289986748394895,0.293242813486787
33,0.472046810080375,0.294236606581385,0.23371658333824
34,0.253823246924534,0.25896947190788,0.487207281167586
35,0.281549295155045,0.291832313153307,0.426618391691648
36,0.276131815192466,0.663535500809568,0.0603326839979662
37,0.529086807708654,0.21677683892127,0.254136353370076
38,0.441229419795233,0.508505100807783,0.050265479396984
39,0.437752972960187,0.358546658416117,0.203700368623695
40,0.421515070253415,0.336065432448547,0.242419497298039
41,0.20127053491314,0.225334186662978,0.573395278423882
42,0.324878144452211,0.438539657441728,0.236582198106061
43,0.511007407571499,0.276218632381073,0.212773960047428
44,0.166591986810729,0.226336193780211,0.60707181940906
45,0.295937893439528,0.624746972804951,0.0793151337555212
46,0.330249959007363,0.297246263469229,0.372503777523408
47,0.359827515397751,0.583944907349501,0.0562275772527478
48,0.33729613534964,0.485960336205849,0.176743528444511
49,0.335791825985765,0.602990607934734,0.0612175660795004
50,0.389031297950417,0.369742343520831,0.241226358528752
51,0.199266225439747,0.317669577390765,0.483064197169488
52,0.360534431952406,0.31868732774157,0.320778240306024
53,0.284792104504943,0.208208293329697,0.50699960216536
54,0.2221972502107,0.30740283408985,0.47039991569945
55,0.469740118157364,0.464122233052221,0.0661376487904145
56,0.325753886197395,0.335835831620985,0.33841028218162
57,0.289310135621213,0.331509054096443,0.379180810282344
58,0.26468330693343,0.265679144329456,0.469637548737114
59,0.204357553813826,0.29231329408823,0.503329152097944
60,0.331712855277566,0.234693585467895,0.433593559254539
61,0.421721348030587,0.253088445400239,0.325190206569174
62,0.450758211848371,0.484853061985614,0.0643887261660151
63,0.461534808926678,0.476081828019996,0.0623833630533263
64,0.372990911868915,0.317511257710197,0.309497830420888
65,0.261943057758115,0.193287743415143,0.544769198826741
66,0.152654578107058,0.215949997802336,0.631395424090605
67,0.385586693021631,0.284475326726002,0.329937980252368
68,0.551802376452543,0.187393701106591,0.260803922440866
69,0.401521358440989,0.346210223088634,0.252268418470376
70,0.107285602547499,0.191105718952817,0.701608678499684
71,0.653590437066741,0.198322088096367,0.148087474836892
72,0.583320638310656,0.167210505603294,0.24946885608605
73,0.502510845670713,0.303501555123978,0.193987599205309
74,0.200269765201157,0.373696390761509,0.426033844037334
75,0.325910753153016,0.358417229529419,0.315672017317564
76,0.469822350793913,0.289172467291764,0.241005181914324
77,0.345592036773499,0.25393900166822,0.400468961558281
78,0.314417546621716,0.350538149552227,0.335044303826057
79,0.392866979158971,0.273795657234095,0.333337363606934
80,0.422389502374971,0.245500890569314,0.332109607055715
81,0.461955839249195,0.318182233846777,0.219861926904028
82,0.337594121426526,0.317059177067687,0.345346701505787
83,0.261808515220579,0.347195399463295,0.390996085316126
84,0.406153896269319,0.19373372096073,0.400112382769951
85,0.346818838880359,0.275598036736114,0.377583124383526
86,0.352995210025599,0.273839619440735,0.373165170533666
87,0.305458958092402,0.620512641413135,0.0740284004944624
88,0.651706221956041,0.211052612053321,0.137241165990638
89,0.456962338768475,0.215165573851195,0.327872087380331
90,0.202899485807929,0.210838919080872,0.586261595111199
91,0.484936378542649,0.308056516926956,0.207007104530395
92,0.106447980473062,0.204153211598584,0.689398807928353
93,0.382637576201695,0.313680460827073,0.303681962971232
94,0.301377211771057,0.455350471930997,0.243272316297946
95,0.214658437625941,0.291696697321073,0.493644865052987
96,0.320033058116072,0.231816030963705,0.448150910920223
97,0.145112930593729,0.558180522252858,0.296706547153414
98,0.3778096669284,0.356333349709818,0.265856983361782
99,0.420054618999068,0.334662985153745,0.245282395847188
100,0.256246828644122,0.342021920925089,0.401731250430789
101,0.325504190257546,0.512804587316548,0.161691222425906
102,0.305299284476613,0.253958877527565,0.440741837995822
103,0.0675482037898193,0.18925376909734,0.743198027112841
104,0.430501646627166,0.396216214680392,0.173282138692441
105,0.185042933117392,0.404383275828183,0.410573791054425
106,0.264828912546187,0.424957025177518,0.310214062276295
107,0.488192755478518,0.309773394949429,0.202033849572054
108,0.343264185973817,0.211068519614132,0.445667294412052
109,0.256072651388237,0.343251934485784,0.400675414125979
110,0.315917314124737,0.271909227531809,0.412173458343455
111,0.276246703329987,0.33697366408483,0.386779632585183
112,0.46960242905189,0.227127364736266,0.303270206211844
113,0.227488651317502,0.255068271566526,0.517443077115973
114,0.372388430493315,0.281184365742283,0.346427203764402
115,0.321832371761907,0.238498098193556,0.439669530044537
116,0.444685628592517,0.494204070683786,0.0611103007236966
117,0.332259110773308,0.285977727228303,0.381763161998388
118,0.331163610820469,0.611823756660129,0.0570126325194025
119,0.255790438254347,0.203759581462926,0.540449980282727
120,0.233343914210385,0.289342405556499,0.477313680233117
121,0.173837504271998,0.432726749919794,0.393435745808208
122,0.39873361605617,0.228041595067927,0.373224788875903
123,0.343480111833899,0.329179585193073,0.327340302973028
124,0.212655193788332,0.322825059315595,0.464519746896073
125,0.265728301762359,0.676948104374625,0.0573235938630156
126,0.336582372952321,0.536968961678234,0.126448665369445
127,0.463011245552859,0.276270885314695,0.260717869132446
128,0.51831306059358,0.197565082937018,0.284121856469402
129,0.424920229921567,0.325236999311252,0.249842770767181
130,0.443490672646375,0.302511134260803,0.253998193092821
131,0.20007558592209,0.314898152987349,0.485026261090561
132,0.444884370356075,0.34288680837972,0.212228821264205
133,0.341749599107239,0.172783687338599,0.485466713554162
134,0.353981683919808,0.392395216918892,0.2536230991613
135,0.527197892760097,0.338353981914103,0.1344481253258
136,0.293712968402429,0.428335168308862,0.277951863288709
137,0.311719876868136,0.606519022270707,0.0817611008611564
138,0.207343980681456,0.298569455318629,0.494086563999916
139,0.261648141670356,0.359663143562526,0.378688714767118
140,0.289046598437652,0.387118793600486,0.323834607961862
141,0.493333115080157,0.28662430157638,0.220042583343462
142,0.343591569763361,0.308536068327541,0.347872361909098
143,0.0999151034601545,0.195151006157681,0.704933890382164
144,0.403494671907815,0.474895167088998,0.121610161003187
145,0.322425231739546,0.582767524540587,0.0948072437198674
146,0.247718903054438,0.302119007865938,0.450162089079624
147,0.436465098717864,0.23915978615677,0.324375115125365
148,0.28624550051719,0.647067293440507,0.0666872060423028
149,0.396763442022277,0.269457399526317,0.333779158451406
150,0.288195453117995,0.243774575164405,0.4680299717176
151,0.134754800113809,0.214168510014021,0.65107668987217
152,0.437067062670355,0.278062331617277,0.284870605712368
153,0.517810466168553,0.319546051864818,0.162643481966628
154,0.306984282064615,0.382275921294806,0.310739796640579
155,0.366875741631477,0.28630201417964,0.346822244188883
156,0.354832216526975,0.305392459857226,0.339775323615798
157,0.208236252963688,0.241332654444122,0.55043109259219
158,0.345648638702983,0.292363603050995,0.361987758246023
159,0.52221299200235,0.297099447643796,0.180687560353854
160,0.315338922614825,0.239303051544282,0.445358025840893
161,0.362602896174988,0.352648139453696,0.284748964371316
162,0.285367813921952,0.295738904317896,0.418893281760151
163,0.369545841949096,0.315495566872781,0.314958591178123
164,0.311605417372253,0.321372051981865,0.367022530645882
165,0.269780605279683,0.434283937698554,0.295935457021763
166,0.423463351652066,0.485052225426628,0.0914844229213066
167,0.511677863941333,0.292703729075332,0.195618406983335
168,0.0999609426278871,0.584238014918128,0.315801042453985
169,0.366752913864325,0.271983781269625,0.36126330486605
170,0.297582879295158,0.632457578450707,0.0699595422541344
171,0.506715623322258,0.343659453457008,0.149624923220734
172,0.260306606964407,0.279786302608991,0.459907090426602
173,0.401546201031499,0.303379930285466,0.295073868683035
174,0.275577733746897,0.59278901215275,0.131633254100352
175,0.316152803760524,0.312074913023208,0.371772283216268
176,0.232857909662162,0.283994478311607,0.483147612026232
177,0.575864248706693,0.115870358482175,0.308265392811132
178,0.472190391220301,0.40366599408452,0.12414361469518
179,0.287547956678097,0.168565009765579,0.543887033556325
180,0.597406345212507,0.25409379551916,0.148499859268333
181,0.405247284256103,0.347125122922166,0.247627592821731
182,0.0980752582206087,0.188568009037095,0.713356732742296
183,0.283563305297457,0.225276588356285,0.491160106346258
184,0.269780605279683,0.434283937698554,0.295935457021763
185,0.362140860444173,0.280615674374158,0.357243465181669
186,0.22104793557654,0.177714615087369,0.601237449336091
187,0.30681474144691,0.6241201142016,0.0690651443514897
188,0.434074604283893,0.452189809738214,0.113735585977892
189,0.50934901344664,0.282748859097553,0.207902127455807
190,0.431939050771227,0.344363971100371,0.223696978128402
191,0.242070434880239,0.292911171640443,0.465018393479318
192,0.451651123954225,0.288211135405132,0.260137740640643
193,0.192225240393319,0.26782674649063,0.53994801311605
194,0.184528470403083,0.451541100319847,0.36393042927707
195,0.336525275297424,0.362908161356171,0.300566563346404
196,0.36092767486299,0.359775265945253,0.279297059191757
197,0.333672231545646,0.360003122366873,0.30632464608748
198,0.414714608598602,0.2419640154963,0.343321375905098
199,0.289220672537288,0.195357118231804,0.515422209230908
200,0.355347617010842,0.353304554607551,0.291347828381607
201,0.132547743609893,0.211338695850907,0.6561135605392
202,0.44714262826096,0.31094086445779,0.24191650728125
203,0.176662851199395,0.259297980737581,0.564039168063024
204,0.328216420552056,0.372394628081517,0.299388951366427
205,0.274925305239871,0.330728640720724,0.394346054039405
206,0.28683720202016,0.310950809508891,0.402211988470949
207,0.637068676426047,0.182587085509881,0.180344238064072
208,0.525891664302437,0.213745064929602,0.260363270767962
209,0.471467328584841,0.266188348974998,0.262344322440161
210,0.162773953677716,0.244483291686653,0.592742754635631
211,0.504367842387305,0.261184444464032,0.234447713148662
212,0.175348167905674,0.314860821419444,0.509791010674882
213,0.215123778133304,0.228693275765632,0.556182946101063
214,0.306724107280218,0.29916228726348,0.394113605456302
215,0.129920482195426,0.178611959300055,0.691467558504519
216,0.383206378934209,0.493842637309243,0.122950983756549
217,0.582879856324352,0.233654749723772,0.183465393951875
218,0.398778549741747,0.379873796322394,0.221347653935859
219,0.295853134414062,0.277991746380932,0.426155119205006
220,0.452875521077033,0.481938298371635,0.0651861805513321
221,0.445754070230006,0.245378510804336,0.308867418965658
222,0.21316759114765,0.537918636782486,0.248913772069865
223,0.338479412453908,0.249605533636593,0.411915053909499
224,0.272934004988695,0.453075195748927,0.273990799262377
225,0.219996619306216,0.462928037083324,0.317075343610461
226,0.187033321590862,0.193943889740533,0.619022788668605
227,0.415174785055273,0.267251830965281,0.317573383979446
228,0.515537543834133,0.243635210169845,0.240827245996022
229,0.3894932174964,0.291733370907282,0.318773411596319
230,0.331022506959968,0.398235959447029,0.270741533593003
231,0.191985754327272,0.260887068262126,0.547127177410601
232,0.42117898176456,0.23171602261197,0.34710499562347
233,0.549093493934833,0.268985088702055,0.181921417363112
234,0.115374020722279,0.166611933227483,0.718014046050238
235,0.42487089678018,0.523949188854989,0.051179914364831
236,0.344951490255094,0.604965234547974,0.0500832751969316
237,0.356325761930748,0.358968172018592,0.28470606605066
238,0.451284947171185,0.303358224471461,0.245356828357354
239,0.216802374824418,0.299532660208533,0.48366496496705
240,0.48356125195926,0.246898574437949,0.269540173602791
241,0.368325867467158,0.238700954816042,0.3929731777168
242,0.388938181449948,0.272292016689746,0.338769801860306
243,0.394184865313273,0.35932047432619,0.246494660360538
244,0.418805502889883,0.316316644479266,0.264877852630851
245,0.427654467842213,0.519755378098102,0.0525901540596847
246,0.363204968498236,0.169792230169647,0.467002801332117
247,0.444685628592517,0.494204070683786,0.0611103007236966
248,0.187501322446423,0.329020832075838,0.483477845477739
249,0.209752638564359,0.15418594371329,0.636061417722351
250,0.330452381487943,0.264162649392956,0.405384969119101
251,0.376701192886723,0.337798370093177,0.2855004370201
252,0.339291713022371,0.399430138478479,0.26127814849915
253,0.243812019088121,0.273334454104382,0.482853526807497
254,0.498265599337527,0.257345325731162,0.24438907493131
255,0.340627605259113,0.332640070807891,0.326732323932996
256,0.63573675673778,0.147482220688576,0.216781022573644
257,0.134917979942331,0.221147425347097,0.643934594710572
258,0.417089025140457,0.296458763949013,0.286452210910531
259,0.290592732274906,0.309965463705932,0.399441804019163
260,0.401385853200854,0.517401363465364,0.0812127833337822
261,0.387276550330824,0.262385684755931,0.350337764913245
262,0.34607061553731,0.298970211087489,0.354959173375201
263,0.213572873717205,0.514386848040102,0.272040278242693
264,0.165059400462675,0.296950737341648,0.537989862195677
265,0.503993985818929,0.299372647008082,0.196633367172989
266,0.410573956639718,0.344198160030055,0.245227883330227
267,0.198582192070562,0.341990228499268,0.45942757943017
268,0.385534443261878,0.548431656983953,0.0660338997541695
269,0.210611273124067,0.276257469235203,0.51313125764073
270,0.383170480758366,0.24817341571886,0.368656103522774
271,0.339163446059201,0.308594427152374,0.352242126788426
272,0.519128239263011,0.246306226570879,0.23456553416611
273,0.465846534444287,0.254674420305621,0.279479045250092
274,0.251597782530039,0.28150924283803,0.466892974631931
275,0.285770193862483,0.649077425487652,0.0651523806498646
276,0.458340011579594,0.253853882576652,0.287806105843754
277,0.255514650038688,0.224393571781371,0.520091778179941
278,0.253428902253647,0.26406467895666,0.482506418789693
279,0.45683101564309,0.482340900129688,0.0608280842272211
280,0.351012381292149,0.201622071950761,0.44736554675709
281,0.363124160620502,0.565226666261175,0.0716491731183227
282,0.515157924564715,0.227414415861651,0.257427659573634
283,0.251520768241617,0.325402054450747,0.423077177307636
284,0.178085909772879,0.302038137377239,0.519875952849882
285,0.213914035480179,0.0754553032747476,0.710630661245073
286,0.493798380831438,0.179947440483232,0.32625417868533
287,0.286804706574309,0.632002311799059,0.0811929816266319
288,0.328764247787293,0.616269996128289,0.0549657560844179
289,0.281995074392599,0.47996821494513,0.238036710662271
290,0.562565862041359,0.335782757156708,0.101651380801932
291,0.285742497182438,0.355824329600379,0.358433173217183
292,0.435780203831878,0.30486541325756,0.259354382910561
293,0.378534527417014,0.48502251583342,0.136442956749566
294,0.336470717699623,0.221222811766635,0.442306470533742
295,0.317785667430226,0.285830352485251,0.396383980084523
296,0.302679531444159,0.370030028202977,0.327290440352864
297,0.435648129722834,0.349161495445452,0.215190374831714
298,0.554269905581401,0.263041797810427,0.182688296608172
299,0.389622529247558,0.296432666468233,0.313944804284209
300,0.244402539932473,0.351208949093445,0.404388510974082
301,0.469832969998932,0.214895564965726,0.315271465035342
302,0.29135888204916,0.54100585915286,0.167635258797981
303,0.450124530947899,0.295604545821566,0.254270923230536
304,0.287777908370309,0.217584241866511,0.49463784976318
305,0.442944862818954,0.445088843842856,0.11196629333819
306,0.236404105600535,0.353387888241616,0.410208006157849
307,0.309326705119234,0.354319429444732,0.336353865436033
308,0.210614573653533,0.229220695803103,0.560164730543364
309,0.372593077403607,0.335166194007857,0.292240728588535
310,0.719106505221792,0.198853507572756,0.0820399872054522
311,0.409778305642399,0.282986593531571,0.30723510082603
312,0.36214889447015,0.329785826953744,0.308065278576106
313,0.237932592547103,0.356501371731377,0.40556603572152
314,0.305047951403372,0.280820283193265,0.414131765403364
315,0.381655154636553,0.314910024324015,0.303434821039432
316,0.246059369748074,0.360785458114863,0.393155172137064
317,0.570089926881056,0.218042253726788,0.211867819392156
318,0.33484403985235,0.333276619326927,0.331879340820723
319,0.267381968922275,0.66735725305701,0.0652607780207151
320,0.376778582920236,0.359332263742407,0.263889153337357
321,0.340478450769699,0.309967859519884,0.349553689710417
322,0.374172456630306,0.327174917274885,0.298652626094809
323,0.454395726341598,0.282332933115849,0.263271340542554
324,0.341225749311125,0.459515812400852,0.199258438288023
325,0.147462729907038,0.230972679138649,0.621564590954313
326,0.338218200930137,0.462141005855328,0.199640793214535
327,0.452884152500086,0.482408704655446,0.064707142844468
328,0.385433109367494,0.361728513561844,0.252838377070661
329,0.230905824070079,0.234985785827451,0.53410839010247
330,0.26344240048754,0.681590888680883,0.0549667108315763
331,0.456708121836924,0.237466376170106,0.30582550199297
332,0.373588019496678,0.352143369424051,0.274268611079271
333,0.391897357869641,0.366230663270535,0.241871978859824
334,0.351090001594858,0.595705567177014,0.0532044312281271
335,0.145764680305028,0.193636554701323,0.660598764993649
336,0.397928129217578,0.362347606743458,0.239724264038964
337,0.439824930593324,0.446042931151818,0.114132138254858
338,0.212623093940509,0.270608156948426,0.516768749111065
339,0.223977622028499,0.194501430305987,0.581520947665514
340,0.278417096492656,0.650649780384428,0.0709331231229157
341,0.486102462575692,0.264314200178997,0.24958333724531
342,0.278677230634955,0.657605378195999,0.0637173911690456
343,0.465727565408799,0.243271561310541,0.29100087328066
344,0.118870494590863,0.201505661232301,0.679623844176836
345,0.352303251501734,0.288305745490625,0.359391003007641
346,0.114720907959018,0.272663080716635,0.612616011324348
347,0.411828072822932,0.335795729497485,0.252376197679583
348,0.315855796625457,0.341636565125492,0.342507638249052
349,0.359324314450799,0.324452467520476,0.316223218028724
350,0.314567172978671,0.174327826848763,0.511105000172566
351,0.188383796711656,0.240767076026618,0.570849127261725
352,0.283736282629409,0.330721882913329,0.385541834457262
353,0.166151155543098,0.185461461882441,0.648387382574461
354,0.254979396806325,0.407744577458071,0.337276025735604
355,0.410375948358392,0.320428737202361,0.269195314439247
356,0.267940753724173,0.28591196873004,0.446147277545787
357,0.517845245689604,0.273658558991312,0.208496195319084
358,0.240667241289559,0.253946308753786,0.505386449956655
359,0.242961367456451,0.462752323749894,0.294286308793655
360,0.147981399684033,0.280647365660309,0.571371234655658
361,0.280752869510417,0.398661892190013,0.32058523829957
362,0.314636692050359,0.281795034137856,0.403568273811786
363,0.558898036446988,0.20544796962694,0.235653993926072
364,0.534164725143242,0.404084877819802,0.0617503970369552
365,0.251874930396998,0.490712972211077,0.257412097391925
366,0.212558048179039,0.265834906634962,0.521607045185999
367,0.569090919678481,0.23397317204402,0.196935908277499
368,0.372438959563092,0.332873048813297,0.294687991623611
369,0.166655862697224,0.418588670779468,0.414755466523308
370,0.291951252382684,0.282955494507128,0.425093253110189
371,0.241722037125299,0.697211322334846,0.0610666405398549
372,0.429218761777188,0.275798325225359,0.294982912997454
373,0.408331916066837,0.345206297932964,0.246461786000199
374,0.190263559342743,0.342137628853832,0.467598811803425
375,0.372486730492187,0.252786308168029,0.374726961339784
376,0.299478338830219,0.260760982842441,0.43976067832734
377,0.431894884643583,0.308338364872034,0.259766750484384
378,0.255268044962201,0.687192634271893,0.0575393207659064
379,0.399302872300533,0.536508489853403,0.0641886378460648
380,0.297832799932584,0.635860224232749,0.0663069758346664
381,0.353689081942627,0.296783031773029,0.349527886284344
382,0.538921747831727,0.224281591412024,0.236796660756249
383,0.351109772790544,0.292845217910308,0.356045009299148
384,0.319374766431581,0.241836529215497,0.438788704352922
385,0.543824118290316,0.288165042297435,0.168010839412248
386,0.210418439379534,0.27711331659808,0.512468244022386
387,0.349477743601481,0.311338371914354,0.339183884484165
388,0.549904047960599,0.316227928640513,0.133868023398888
389,0.331617983828924,0.307599369610203,0.360782646560873
390,0.359749246828708,0.526749758103731,0.113500995067561
391,0.403407078162611,0.300196717619311,0.296396204218078
392,0.262336815053372,0.279903834782104,0.457759350164525
393,0.27903736999156,0.254729887322578,0.466232742685862
394,0.580850147423849,0.206278983630552,0.212870868945599
395,0.413046838559844,0.205324082273973,0.381629079166183
396,0.170701220490196,0.383220227716144,0.446078551793661
397,0.277549426458291,0.612089504412735,0.110361069128974
398,0.352889937683734,0.25809784967966,0.389012212636606
399,0.318331783904088,0.357383279995031,0.324284936100881
400,0.293753682444501,0.210378724422231,0.495867593133268
401,0.305886656242149,0.337813455158654,0.356299888599197
402,0.272874384818151,0.366499080400873,0.360626534780976
403,0.364613652887008,0.301940909569823,0.333445437543169
404,0.354619136531826,0.335482863036056,0.309898000432118
405,0.42046966003348,0.257772225147278,0.321758114819241
406,0.43777478363568,0.326776678860287,0.235448537504033
407,0.262683980298109,0.158916915603606,0.578399104098285
408,0.156033655377637,0.213414217057381,0.630552127564982
409,0.356659293619037,0.585893058613521,0.0574476477674424
410,0.308149543279299,0.308311731973854,0.383538724746847
411,0.323006310640657,0.201596495889548,0.475397193469795
412,0.431332254409182,0.339985662445911,0.228682083144907
413,0.390050380514908,0.490476782772338,0.119472836712754
414,0.297769013595179,0.285251310850154,0.416979675554666
415,0.379079409226659,0.234674701672625,0.386245889100716
416,0.370895117184466,0.514252193214883,0.114852689600651
417,0.288318171758825,0.319586749369098,0.392095078872077
418,0.261829881299543,0.331753238273738,0.406416880426719
419,0.326044033979643,0.182473684969279,0.491482281051078
420,0.534164725143242,0.404084877819802,0.0617503970369552
421,0.491911176221469,0.366941240660262,0.141147583118269
422,0.260271874880087,0.416904807317988,0.322823317801925
423,0.279332368534392,0.341707990154863,0.378959641310744
424,0.25830266293313,0.256413466368323,0.485283870698547
425,0.285663757728542,0.398299961413449,0.316036280858009
426,0.480873389791201,0.263458383530236,0.255668226678564
427,0.436919805378432,0.324953782379658,0.23812641224191
428,0.164031067489902,0.184327321459925,0.651641611050172
429,0.338198785446558,0.302350325839357,0.359450888714085
430,0.350644232742088,0.305635081764829,0.343720685493084
431,0.478967881773696,0.267025192964224,0.25400692526208
432,0.205373758918302,0.35795894238945,0.436667298692248
433,0.369478472827327,0.56833188387818,0.0621896432944921
434,0.296268449856989,0.377718897193479,0.326012652949532
435,0.176292047195068,0.200825050294745,0.622882902510187
436,0.329374943347651,0.218512865042081,0.452112191610268
437,0.559782167334438,0.272869681230135,0.167348151435427
438,0.46831463155891,0.240988928728706,0.290696439712384
439,0.220234532546003,0.269213127987098,0.5105523394669
440,0.28866566405896,0.306660230226316,0.404674105714724
441,0.390804241291903,0.320179859323761,0.289015899384336
442,0.412059521835962,0.355274979994347,0.232665498169691
443,0.387268004338511,0.429775155298564,0.182956840362925
444,0.400156845724335,0.245749042579335,0.35409411169633
445,0.375213228878121,0.23381196664511,0.390974804476769
446,0.351557582177715,0.45255848676909,0.195883931053195
447,0.274703278954876,0.665467827672262,0.0598288933728621
448,0.489270082292764,0.273252432647192,0.237477485060043
449,0.348858179764959,0.359622491459241,0.2915193287758
450,0.416947827999617,0.495899817053894,0.0871523549464881
451,0.406910292157921,0.458994956709941,0.134094751132137
452,0.215517505498,0.234688898206565,0.549793596295435
453,0.299008648660109,0.634934313038664,0.0660570383012267
454,0.470075214567714,0.282602697920813,0.247322087511473
455,0.365522216727958,0.337405949070565,0.297071834201477
456,0.632585236872018,0.211854384631547,0.155560378496434
457,0.230914242494817,0.336735164518147,0.432350592987035
458,0.361605594254058,0.362425699976829,0.275968705769113
459,0.395203928351572,0.276879794792753,0.327916276855675
460,0.318605665522082,0.582449983924961,0.0989443505529568
461,0.489268115734705,0.243768116443661,0.266963767821634
462,0.281825940044689,0.311266161320284,0.406907898635027
463,0.435829001865404,0.336031763606743,0.228139234527853
464,0.346839989936643,0.441564196531792,0.211595813531566
465,0.260443988981328,0.63284831545292,0.106707695565752
466,0.299124866003332,0.430174819279837,0.270700314716831
467,0.232521557056981,0.256230374717872,0.511248068225147
468,0.385406412662531,0.399762287253646,0.214831300083823
469,0.313073065288237,0.313574760974774,0.373352173736989
470,0.337340760671802,0.299730703077742,0.362928536250456
471,0.284760871685041,0.28932379017279,0.425915338142169
472,0.425658713510125,0.312607933362796,0.261733353127079
473,0.366814680186936,0.264579154405161,0.368606165407903
474,0.417070972671098,0.259796582761662,0.323132444567239
475,0.224535824029305,0.26063285304751,0.514831322923185
476,0.48208504193349,0.260608678650926,0.257306279415584
477,0.149082698345648,0.254665071248796,0.596252230405556
478,0.456103746848071,0.347281855202136,0.196614397949793
479,0.376813158758067,0.328974015859416,0.294212825382517
480,0.162680572623896,0.464874122372791,0.372445305003313
481,0.262779404515079,0.371885558187789,0.365335037297132
482,0.210707799627435,0.0971717077855031,0.692120492587062
483,0.562300058864124,0.250898609858582,0.186801331277294
484,0.330410032340326,0.465899273181629,0.203690694478045
485,0.322443125968384,0.620834532609353,0.0567223414222633
486,0.374544531093479,0.283140695802411,0.34231477310411
487,0.299008648660109,0.634934313038664,0.0660570383012267
488,0.480435225956552,0.282423262989589,0.237141511053859
489,0.225104879307155,0.225750348232395,0.54914477246045
490,0.370138316758522,0.390537353614962,0.239324329626516
491,0.207311400566773,0.268332629306315,0.524355970126912
492,0.47744180391934,0.293997080610322,0.228561115470338
493,0.635719370886689,0.222655119157429,0.141625509955881
494,0.330997688084846,0.304967799408946,0.364034512506208
495,0.411661839546702,0.310728939371271,0.277609221082027
496,0.352978623052295,0.302121633502943,0.344899743444763
497,0.28074109983901,0.271064651848912,0.448194248312079
498,0.218014357055294,0.338349581867606,0.4436360610771
499,0.343498872174428,0.240756029865014,0.415745097960559
500,0.343943584923553,0.597838924382057,0.0582174906943906
501,0.303969351179201,0.291251255539341,0.404779393281458
502,0.43052503179385,0.162866509537901,0.406608458668248
503,0.339947999940014,0.291423416558141,0.368628583501844
504,0.354155048543036,0.361176927113127,0.284668024343836
505,0.309326954897085,0.613469947007769,0.0772030980951467
506,0.20851936806897,0.19415401518575,0.59732661674528
507,0.244850048540023,0.339084216132452,0.416065735327525
508,0.47372551560381,0.367027941445108,0.159246542951081
509,0.426519514205604,0.300633046294673,0.272847439499723
510,0.579308361761373,0.319575828470315,0.101115809768312
511,0.357567567241183,0.358378514894736,0.284053917864081
512,0.476119216396017,0.308231709811251,0.215649073792731
513,0.443786937302512,0.271402528820665,0.284810533876823
514,0.345642993707364,0.594629971233051,0.0597270350595853
515,0.456940641319381,0.280008210724262,0.263051147956357
516,0.440626056523734,0.276533699811322,0.282840243664944
517,0.31010069675864,0.312636655023467,0.377262648217892
518,0.252318604904914,0.281039901979972,0.466641493115113
519,0.432292527013568,0.435867750392841,0.131839722593591
520,0.436889269691388,0.240002266129817,0.323108464178795
521,0.345980211457437,0.292961865774245,0.361057922768318
522,0.360096154578643,0.486147022527793,0.153756822893564
523,0.262525402482822,0.271665899825993,0.465808697691185
524,0.190790403303309,0.242743776450027,0.566465820246664
525,0.360594802686934,0.579513885382805,0.0598913119302613
526,0.311416632439065,0.260997179873835,0.4275861876871
527,0.216858517246537,0.298945987502202,0.484195495251261
528,0.271921173774093,0.198664358271531,0.529414467954375
529,0.312888411374833,0.304560367629471,0.382551220995696
530,0.484651792080034,0.278310093278472,0.237038114641494
531,0.288716318655968,0.25714905581978,0.454134625524252
532,0.302952773922676,0.200048664952675,0.496998561124649
533,0.414511125074417,0.214149469728792,0.371339405196792
534,0.416115303350678,0.22755882908803,0.356325867561292
535,0.396345117030336,0.374854698135086,0.228800184834578
536,0.371886702424131,0.513867149751819,0.11424614782405
537,0.447020094183766,0.342880488363272,0.210099417452962
538,0.30123474150398,0.324444628624112,0.374320629871909
539,0.463680160023582,0.478769603293044,0.0575502366833745
540,0.262974023480691,0.200600461045261,0.536425515474048
541,0.543126067106989,0.378107470826364,0.0787664620666468
542,0.445485243834824,0.338233005357819,0.216281750807357
543,0.184843570573302,0.2377674530028,0.577388976423898
544,0.400405104716494,0.308624140940717,0.290970754342788
545,0.542523154739465,0.271867198673009,0.185609646587526
546,0.413176987135557,0.342379461244839,0.244443551619604
547,0.492733789795219,0.292699795808959,0.214566414395823
548,0.191512152364551,0.23742568377888,0.571062163856569
549,0.253909626803855,0.262668696994679,0.483421676201466
550,0.40567650163921,0.289063150221692,0.305260348139098
551,0.193464595821069,0.2867987728184,0.519736631360531
552,0.417804515474034,0.247246315029297,0.334949169496669
553,0.237757758231209,0.337651932402894,0.424590309365897
554,0.241283190237659,0.371041063156434,0.387675746605907
555,0.305037070968909,0.408015282079126,0.286947646951965
556,0.634640234376569,0.0968032205903922,0.268556545033039
557,0.223630572972832,0.456388012421247,0.319981414605921
558,0.249091877430896,0.343390315699982,0.407517806869123
559,0.273492588857819,0.256216476028801,0.47029093511338
560,0.329220871644385,0.325052371400311,0.345726756955304
561,0.298041573359931,0.314578304623533,0.387380122016537
562,0.262126882519058,0.181633509124279,0.556239608356663
563,0.337000119972115,0.258013384246326,0.404986495781558
564,0.100707616426132,0.562411593881357,0.336880789692511
565,0.150089121572362,0.202681545043314,0.647229333384324
566,0.488727309515746,0.442757815710495,0.0685148747737587
567,0.516624938940857,0.19008336316513,0.293291697894012
568,0.328812269056726,0.61303454734773,0.0581531835955437
569,0.460426369293662,0.282610686344533,0.256962944361806
570,0.274187346340217,0.27301902516398,0.452793628495803
571,0.365120598948109,0.343609692779577,0.291269708272314
572,0.313607830057363,0.606907830169416,0.0794843397732208
573,0.38384678406447,0.323938907010936,0.292214308924594
574,0.482828660954292,0.320917901277566,0.196253437768142
575,0.190103627497211,0.320376764539172,0.489519607963617
576,0.406066752070405,0.290967940020622,0.302965307908973
577,0.2552091708034,0.19489362065049,0.54989720854611
578,0.381055100474183,0.555246765863337,0.0636981336624805
579,0.406998325975941,0.308150789131519,0.28485088489254
580,0.172301581074354,0.546007045078666,0.28169137384698
581,0.262457471469355,0.33093519741847,0.406607331112175
582,0.452463691761448,0.301053578285042,0.24648272995351
583,0.362134161369147,0.357122462684215,0.280743375946638
584,0.476215802503563,0.288189818066992,0.235594379429446
585,0.756666856116134,0.130898475150501,0.112434668733365
586,0.352990718201825,0.340501276308897,0.306508005489278
587,0.440402284229264,0.270073444198277,0.289524271572459
588,0.29117241821708,0.368659573242118,0.340168008540802
589,0.282136851730673,0.261249135813872,0.456614012455454
590,0.262842924953685,0.271695166356434,0.465461908689881
591,0.536490267103852,0.205376544421105,0.258133188475043
592,0.285667422410193,0.233411596922709,0.480920980667097
593,0.274703278954876,0.665467827672262,0.0598288933728621
594,0.259143965261938,0.644325170645327,0.096530864092735
595,0.503097707823932,0.288421081922155,0.208481210253913
596,0.167350370429939,0.231945451199744,0.600704178370317
597,0.261444773907988,0.412213870562766,0.326341355529245
598,0.181474345758956,0.211889012755587,0.606636641485457
599,0.4941205747606,0.392728072415587,0.113151352823813
600,0.222041335718413,0.29471460522758,0.483244059054007
601,0.452598288641404,0.464792946882983,0.0826087644756131
602,0.156370760308896,0.233320052777025,0.610309186914079
603,0.409224507045445,0.233117643033786,0.357657849920769
604,0.297602551289302,0.513428893680526,0.188968555030172
605,0.357457118891314,0.580774367755293,0.0617685133533926
606,0.371145772363239,0.270713192885753,0.358141034751008
607,0.308936538490818,0.310147774221545,0.380915687287638
608,0.511805951782369,0.333939662242754,0.154254385974877
609,0.411398759838705,0.28200562315967,0.306595617001626
610,0.479359126897725,0.281913590485817,0.238727282616458
611,0.403693025591348,0.254831021221107,0.341475953187545
612,0.342825897481622,0.469571124822122,0.187602977696256
613,0.120115006364699,0.227370419665257,0.652514573970044
614,0.419719914879523,0.288307035919146,0.291973049201331
615,0.223034605970808,0.341757864631828,0.435207529397363
616,0.216236391137865,0.342896197762905,0.440867411099231
617,0.346897623374957,0.329238545559278,0.323863831065765
618,0.257161872595356,0.33615392636353,0.406684201041114
619,0.242515431012916,0.226856037997667,0.530628530989417
620,0.290485515545795,0.358666271604114,0.350848212850091
621,0.452875521077033,0.481938298371635,0.0651861805513321
622,0.134917979942331,0.221147425347097,0.643934594710572
623,0.531635455293645,0.288059561789294,0.180304982917061
624,0.39096952560234,0.216850250056931,0.392180224340729
625,0.451329062217586,0.322644691538268,0.226026246244146
626,0.248594771068314,0.409482998291481,0.341922230640205
627,0.278599451097587,0.65845595263456,0.062944596267853
628,0.41780081371371,0.331744990307185,0.250454195979105
629,0.383350441813794,0.216157158178269,0.400492400007936
630,0.451716378036538,0.313459726665765,0.234823895297697
631,0.37528660219196,0.352334255368468,0.272379142439572
632,0.461007955998909,0.26517057792485,0.273821466076241
633,0.266343722912929,0.664008272574013,0.0696480045130581
634,0.470851906957495,0.46937204818017,0.0597760448623353
635,0.615838642409465,0.206848204521671,0.177313153068865
636,0.374970803302868,0.25373567353022,0.371293523166912
637,0.334934609306712,0.326074714374165,0.338990676319124
638,0.297275984162546,0.374926047881916,0.327797967955538
639,0.172984164980077,0.362985849268237,0.464029985751686
640,0.219193897614191,0.302400228081961,0.478405874303848
641,0.11991097839046,0.16467832253902,0.715410699070521
642,0.245138200363631,0.249045502483324,0.505816297153045
643,0.34737434093367,0.264110779107683,0.388514879958647
644,0.254355986528754,0.284200262183012,0.461443751288234
645,0.288060781476824,0.246359670067917,0.465579548455259
646,0.477532071243507,0.306341277277645,0.216126651478848
647,0.38895356624042,0.246947188934386,0.364099244825194
648,0.41459321541888,0.271828279836889,0.313578504744232
649,0.304340327718369,0.332099503104009,0.363560169177623
650,0.310140062237238,0.250341647473854,0.439518290288909
651,0.566407648469756,0.245398880403561,0.188193471126683
652,0.228475542405039,0.220372817515532,0.55115164007943
653,0.251829791622044,0.683774669455345,0.0643955389226108
654,0.572516089785442,0.144544920569726,0.282938989644831
655,0.226575963997305,0.228432636313051,0.544991399689644
656,0.351448656860045,0.329658275898329,0.318893067241626
657,0.290677542255827,0.362513183962569,0.346809273781604
658,0.306846880504369,0.218102224780017,0.475050894715614
659,0.365779848998001,0.32968128448978,0.30453886651222
660,0.178410877069333,0.226852481809138,0.594736641121529
661,0.247864974097057,0.281782998983708,0.470352026919234
662,0.313363514728091,0.294897469746615,0.391739015525294
663,0.441289862525321,0.254494371338687,0.304215766135992
664,0.168774020097053,0.322782742535952,0.508443237366994
665,0.33308786340314,0.281479397786972,0.385432738809888
666,0.236071723280297,0.290641135855157,0.473287140864546
667,0.285480102257753,0.641898264550846,0.0726216331914008
668,0.375637511623104,0.288543443006924,0.335819045369971
669,0.28736714277869,0.344956015945862,0.367676841275448
670,0.329263839328495,0.312679386387065,0.358056774284441
671,0.211960652446859,0.128631481901606,0.659407865651535
672,0.257233229370834,0.411052870488186,0.33171390014098
673,0.189566494246304,0.316641101650332,0.493792404103364
674,0.214659222410933,0.278260920714037,0.50707985687503
675,0.11645659688681,0.187949896483472,0.695593506629718
676,0.186324975209061,0.186047878158596,0.627627146632343
677,0.135897883709845,0.257317853978078,0.606784262312077
678,0.262862690274814,0.265997834832422,0.471139474892764
679,0.482236764388735,0.320077458902971,0.197685776708294
680,0.184636225901643,0.234913779565703,0.580449994532654
681,0.493694822205758,0.290120175452032,0.216185002342209
682,0.41045437886831,0.34000886531045,0.24953675582124
683,0.167998108768031,0.20008513348945,0.631916757742519
684,0.235642250132251,0.355075378248725,0.409282371619023
685,0.34435537665418,0.19533751215903,0.46030711118679
686,0.479835934508746,0.321066912041425,0.199097153449829
687,0.247277239483267,0.432342343650706,0.320380416866027
688,0.476922926194736,0.316746312277031,0.206330761528234
689,0.189075917385542,0.236203145289171,0.574720937325286
690,0.439017019457182,0.315879266691577,0.24510371385124
691,0.377530405158088,0.157860318980218,0.464609275861694
692,0.418640843503663,0.319596678932584,0.261762477563753
